919271964
908181333
918666340
909792297
938098178
938813439
903737775
908899192
939039905
983115945
903715020
913808239
937734527
903807466
913630941
908595477
913926744
903945399
918866666
903903609
903945856
903403314
913929832
908103774
983686879
907287227
903803131
903625211
903354800
903732628
983116634
903905126
908031463
903909023
913924881
903808986
903810549
908173969
903802629
903956480
903806116
903903805
902661474
909270057
918836687
913906927
903181588
903830357
908339505
917722269
903903913
918061022
903945421
903979484
909663366
904588008
938660768
903808000
903831618
989001383
988660966
913316959
989005859
918425308
908156064
913875329
903716250
903828097
908477218
903919658
913752511
904014285
904511230
904002975
913322269
903760866
958823479
918343405
902889086
903686676
903904774
918620876
913713536
903130389
903101055
985886798
903825140
903915469
903803780
903665979
913733785
908152705
903817642
908327121
914111222
903907608
983842919
903912606
903073022
903357929
913804802
983463983
913735737
903329208
909440430
903995282
903494090
907666366
903831711
913733786
908093666
918204130
913170384
909044918
903757989
903981088
903415065
913633933
903376376
903884889
908370791
903903148
903333555
913399585
908001977
903817021
903390960
903043420
903802163
0903888515
9033803384
903982000
983981889
903705144
903748686
903617176
917301567
983480485
0904128891
913921621
945876733
903846830
903823094
913921305
913240078
983900997
903330560
908382579
909740227
903611071
909890028
903664407
903346986
903765999
903706571
903875582
904869999
918001953
903808644
908568075
903713688
903707637
903817344
913942666
915348926
918451880
903612326
903406243
903701969
908889098
913639392
913926291
903914425
908313431
903333250
908361188
918037769
903828299
913731897
989184644
903828556
903685316
908668719
903310058
903816789
907777916
908445504
903652524
903860450
908936789
903811197
907289289
903708789
903824131
903813504
903737415
903838794
0903136996 
909344775
903406460
903310890
983101480
909797657
919079100
903626104
908007017
913804124
909899668
903800678
903775877
908626268
918666689
913926087
908555477
913904672
903944376
909258026
903000287
903745544
903741886
903707141
903685878
917272595
913411972
913865378
903801316
903800849
903004509
903999799
989035864
903603497
908166430
903961689
913909104
913908095
903900596
903939339
903800151
913903614
903844080
913762028
918027582
903901580
913805141
903913168
903708023
903932238
903835698
903403835
903713412
908174858
903951406
903819398
905211401
918348345
903881868
903752899
913921719
913915278
903403858
903814708
913911886
903932385
904109888
903656223
903838780
913703350
912097130
903944289
918311888
903634161
903726939
903825308
909025043
918436239
903643345
908024468
903811229
903386343
903834092
913905019
918299519
903719153
903730427
903521681
913318521
908310123
913915778
903855899
908338066
913766635
912174161
908409409
903813888
903936687
909308918
913926433
903816428
903804822
913794011
903389991
913928474
0903035678
918133333
918424256
903816616
903136514
903748455
908008229
913234888
908009291
903989977
983664371
903998888
908881289
918683489
906999885
903814785
982959149
919977114
907300008
906252909
907968346
903913291
908878797
903900390
908683623
903303578
984043366
946126539
909558833
982987879
913928845
903389982
977994714
938117988
913149800
987345035
934015969
933065577
988537720
903312426
983303236
913724224
902373839
983637078
903039773
903670810
915758368
913928808
907929689
903129494
908421022
908939989
907190203
909759419
938998099
932227272
934057768
913888859
903975197
913868555
949039635
908390708
908195194